,timestep,iteration_0_avg_dist_timestep,iteration_0_avg_velo_timestep,timestep,iteration_1_avg_dist_timestep,iteration_1_avg_velo_timestep,timestep,iteration_2_avg_dist_timestep,iteration_2_avg_velo_timestep,timestep,iteration_3_avg_dist_timestep,iteration_3_avg_velo_timestep,timestep,iteration_4_avg_dist_timestep,iteration_4_avg_velo_timestep,timestep,iteration_5_avg_dist_timestep,iteration_5_avg_velo_timestep,timestep,iteration_6_avg_dist_timestep,iteration_6_avg_velo_timestep,timestep,iteration_7_avg_dist_timestep,iteration_7_avg_velo_timestep,timestep,iteration_8_avg_dist_timestep,iteration_8_avg_velo_timestep,timestep,iteration_9_avg_dist_timestep,iteration_9_avg_velo_timestep
0,0.0,46.72374631346853,,0.0,49.132741582707794,,0.0,49.40447243775554,,0.0,49.300496411660546,,0.0,48.27093859047174,,0.0,50.354615084014334,,0.0,50.236328524082985,,0.0,45.79994073678663,,0.0,48.047431245402244,,0.0,49.914581530416456,
1,20.0,44.717780472715695,0.18118335905577226,20.0,46.80241215674556,0.18218114868875912,20.0,47.17687403886171,0.18268802678986215,20.0,47.050210032348666,0.1823916408765351,20.0,46.00516470125754,0.18149265764383152,20.0,47.996004246671745,0.18258267606051673,20.0,47.93437464933046,0.18170843310208043,20.0,43.770736838458475,0.18102485718055303,20.0,45.92996759537026,0.18264015662560926,20.0,47.58653387597221,0.18322237133822536
2,40.0,42.743725354658174,0.17980034598058436,40.0,44.488399518709535,0.18059003430103285,40.0,45.02753061919642,0.18335697738794535,40.0,44.82681161894681,0.1824772010079966,40.0,43.820747144358464,0.18025157090198465,40.0,45.708767531150876,0.18228209379506163,40.0,45.70404416913893,0.1811134722493862,40.0,41.782077382746294,0.17991080850590974,40.0,43.82571309563033,0.17980080861711906,40.0,45.31290802364159,0.1816800164725836
3,60.0,40.77654636698089,0.17827841027609212,60.0,42.168115161685265,0.17682002343582914,60.0,42.932972703704145,0.18202653230483118,60.0,42.602774381631235,0.18192950392616394,60.0,41.706272078690205,0.17993934995726796,60.0,43.46348872228405,0.18359375913033563,60.0,43.345560802729885,0.1798214065672495,60.0,39.8479715124063,0.1779941492477665,60.0,41.8164247609861,0.18212296476180892,60.0,43.140103317857154,0.18038442014868816
4,80.0,38.70699771488846,0.17439698495556638,80.0,39.72028186967383,0.1702694108490661,80.0,40.6402872535506,0.17919023608951107,80.0,40.27807676675033,0.17807720682906134,80.0,39.435548114536054,0.17463197552188944,80.0,41.114610858267,0.17924487957021434,80.0,40.95715332421911,0.17529868812342222,80.0,37.59766568202008,0.17181547039768813,80.0,39.7268917827761,0.18085039883450788,80.0,40.93556726865431,0.1748259100050504
5,100.0,36.662874825668446,0.16802456568936036,100.0,37.36969717286132,0.16900150554069918,100.0,38.4897921369703,0.1744732658054608,100.0,38.16358862257181,0.17304647912606552,100.0,37.143965636114196,0.17540194164356998,100.0,38.65377700417648,0.1727362140954027,100.0,38.61129367670399,0.1718352047162757,100.0,35.584133481960436,0.17150836067230063,100.0,37.448675562170955,0.17401884661067765,100.0,38.55802524123284,0.16828430188476612
6,120.0,34.37153080335378,0.15838986945839925,120.0,34.98783493317334,0.16295035981508396,120.0,36.175907954174804,0.16582616609351258,120.0,35.99330147778474,0.16491272646040844,120.0,34.93603944987177,0.168878464380927,120.0,36.28964466243646,0.16479570860050868,120.0,36.33642710942905,0.16683265743987324,120.0,33.49478669394207,0.16173721081997297,120.0,35.23590898261395,0.1691881130288574,120.0,36.269066651825334,0.16423824799370595
7,140.0,32.27045460371139,0.1501588558795682,140.0,32.801642940221,0.1563076432059336,140.0,33.949498924649,0.1556461752798078,140.0,33.63150413518107,0.1545616980841379,140.0,32.824178286557114,0.1608537965234296,140.0,33.88186262724527,0.15228158420547272,140.0,33.94146776222618,0.1549404757801863,140.0,31.448349868294493,0.1469324387159996,140.0,33.112817038575656,0.1604677187669783,140.0,33.987339333384604,0.15375107928083048
8,160.0,30.304440912870536,0.13666748413224403,160.0,30.637845879379977,0.15183511572621466,160.0,31.908972432544246,0.1446651699273353,160.0,31.460831768563718,0.14647688403852793,160.0,30.709092521063713,0.15395811776347226,160.0,31.7012859172878,0.14484224113286998,160.0,31.61693518569165,0.14111929004726315,160.0,29.48481795206633,0.1345355931746999,160.0,30.822350175368022,0.149113942925094,160.0,31.796296502035535,0.14423513232333837
9,180.0,28.256584244445904,0.12472782613980327,180.0,28.563369524240652,0.1348099533116425,180.0,29.754641264750276,0.13282905881377005,180.0,29.532481734500784,0.13712974621041604,180.0,28.7395941409221,0.13987591622098908,180.0,29.64854087962861,0.1354514443632941,180.0,29.52172837811988,0.13140678979073087,180.0,27.317702487776224,0.11925774421931207,180.0,28.93363320212539,0.13512257988974422,180.0,29.678685257373274,0.13641940536027977
10,200.0,26.577913162329434,0.12053631106210014,200.0,26.455116724549804,0.11963420310837937,200.0,27.748205049419848,0.1245214771547869,200.0,27.77744989525061,0.13445683047284876,200.0,26.735815354208942,0.12873194044540745,200.0,27.63138959396858,0.12603224405517907,200.0,27.79157109133478,0.12710991248099737,200.0,25.557158319909103,0.10569009927895043,200.0,27.178905305940297,0.12900991377483734,200.0,27.693563796965233,0.12432940595028304
11,220.0,24.855733183788562,0.11477430611833354,220.0,24.7800116101498,0.11023611474743042,220.0,26.050733211885134,0.1188458390808166,220.0,25.876136437895276,0.11896675822945103,220.0,25.048392161964678,0.11610793609977849,220.0,25.853557118999817,0.11963860277774703,220.0,25.89227659842603,0.11390479860487725,220.0,23.972738346117456,0.09534799559009872,220.0,25.28727455827375,0.11431163258310223,220.0,25.714783678440632,0.10846109968968128
12,240.0,23.253767591790304,0.10150031377210815,240.0,23.01239222029009,0.09763696807492042,240.0,24.293833256812466,0.10421620114698406,240.0,24.22231598064185,0.10355546423484628,240.0,23.46403991619383,0.1024181079988665,240.0,24.09418703039782,0.1057345633162585,240.0,24.030086514334478,0.10240961287067406,240.0,22.671898385153035,0.09099829361466405,240.0,23.633445346345475,0.09972090068641863,240.0,24.157055568875666,0.09969005528608663
13,260.0,21.83265622237669,0.09307808171798732,260.0,21.525236809664907,0.08567931078152917,260.0,22.68220455269131,0.09250718448112545,260.0,22.620958984503726,0.0928403481666059,260.0,21.784961930495992,0.09063621996692144,260.0,22.478272149094504,0.09115874169529498,260.0,22.430207433632873,0.09301058997401283,260.0,21.419055173974453,0.07948208482358517,260.0,22.150020376656368,0.09295578018283268,260.0,22.661359157250914,0.08773209200908651
14,280.0,20.623082881527388,0.07953053120338142,280.0,20.26753249124728,0.07467878335464859,280.0,21.29297362934875,0.0834343805402187,280.0,21.291955061169695,0.0833296752298574,280.0,20.595231189606718,0.08342801193139995,280.0,21.179511622791445,0.08336234223283043,280.0,20.95266747065486,0.078626311778792,280.0,20.224886135170756,0.07247356921660844,280.0,20.754713022174617,0.07761419624202935,280.0,21.414772814735258,0.08018422677162904
15,300.0,19.446214110661266,0.06781379588025388,300.0,19.25514512086999,0.06718769574825764,300.0,20.184226730026108,0.08348004276180698,300.0,20.149263628740236,0.07397683035808449,300.0,19.38984713533033,0.06941000720267214,300.0,19.98586352207573,0.07341206336781506,300.0,19.787613397253615,0.0706854233152427,300.0,19.18136405029132,0.059852051146277715,300.0,19.5250092471522,0.06430734204258942,300.0,20.19095143837007,0.07413934047070801
16,320.0,18.542215680498586,0.06021161423164397,320.0,18.38868077605258,0.06127031885692243,320.0,19.225459212737032,0.07365488381861379,320.0,19.086044832120944,0.061682837129846055,320.0,18.449456574543593,0.06199787532537695,320.0,18.957721880240044,0.0630576945577034,320.0,18.677054621691138,0.05999485413366359,320.0,18.262198923126917,0.052826253422614794,320.0,18.691145741196415,0.05931328640043898,320.0,19.211198566388514,0.06391085883672668
17,340.0,17.85169467314084,0.05326090621648547,340.0,17.880282379559283,0.05812694940341087,340.0,18.359379926645122,0.06167725649607521,340.0,18.33917574734991,0.054280065369283426,340.0,17.696292543290824,0.05284792569733529,340.0,18.12982572834474,0.05556420672156733,340.0,17.841634647357477,0.05198614003922092,340.0,17.852438792379992,0.05444190185507163,340.0,18.022771245540362,0.054782926105782566,340.0,18.289374406808545,0.052935294320020726
18,360.0,17.326858663408412,0.04471061378153286,360.0,17.25060527899036,0.047444763346142366,360.0,17.629596629830036,0.05435118731315696,360.0,17.66709109799507,0.045202214543425115,360.0,17.210130087274063,0.04497068820345814,360.0,17.76768889027886,0.05706167557098269,360.0,17.29684855614916,0.04401331506073851,360.0,17.584572129661524,0.04939006909953483,360.0,17.362398412507872,0.04371945430631606,360.0,17.747182535075613,0.04905081582880902
19,380.0,16.87651267162225,0.03629290793592268,380.0,16.682524930286764,0.035932240549698055,380.0,17.263917632389976,0.05477082144523837,380.0,17.2119617275654,0.037812402219899746,380.0,16.793450819214204,0.04269692583961986,380.0,17.007362705055904,0.042600129465932425,380.0,17.005417870309458,0.04131676885012119,380.0,17.066250656569167,0.03656698517141783,380.0,16.82835227750553,0.04021686326484701,380.0,17.24540899839277,0.04009842394410969
20,400.0,16.606293756396784,0.03272090136660518,400.0,16.43116958773561,0.032093429060109244,400.0,16.760199813530388,0.04779921033065825,400.0,16.9072330341997,0.03598305760081103,400.0,16.53233365292249,0.03567876847938011,400.0,16.632602728019474,0.0372275658919175,400.0,16.68879041109865,0.03301898333887393,400.0,16.793810132399756,0.03672046216078171,400.0,16.386311694558206,0.02963919526807048,400.0,16.89102681817093,0.03507104656022411
21,420.0,16.371877171914722,0.02860314103275771,420.0,16.17361048324125,0.024945996796021105,420.0,16.36456832323631,0.03648383439753648,420.0,16.662491504398943,0.029944598752211123,420.0,16.25171865369667,0.0279948450553738,420.0,16.336061012253847,0.033634092654846875,420.0,16.35474419794779,0.028160160881453206,420.0,16.453545059615347,0.03053116250003636,420.0,16.218437323788102,0.026077652519437104,420.0,16.576194390584774,0.029182177095309396
22,440.0,16.251247196291438,0.02303125390242961,440.0,15.879049253976502,0.020488274706064062,440.0,16.1381168540832,0.03356270400009051,440.0,16.357000368323035,0.026345080685001018,440.0,16.044606583693685,0.025078967037396784,440.0,16.155672166219045,0.030019328177839096,440.0,16.188443443203077,0.02478677542898851,440.0,16.24331372415667,0.028216059193434357,440.0,16.015712946586707,0.021834610698828874,440.0,16.31670218090955,0.025303675039692088
23,460.0,16.11685239603711,0.02292504683557302,460.0,15.809330402692485,0.02004577517563908,460.0,15.896664798536474,0.02760732456246561,460.0,16.190631950658837,0.026194491939276515,460.0,15.957016229992421,0.02114216907898554,460.0,16.00169027273462,0.027215456738321448,460.0,16.196156596580927,0.023838156385147104,460.0,16.169061347341525,0.026804851360954136,460.0,16.03601762599873,0.023235929132019627,460.0,16.262773903368213,0.02657293773182656
24,480.0,15.980841591205783,0.017128256130897638,480.0,15.63744425835122,0.015394796399520768,480.0,15.684550035520374,0.022967235860292562,480.0,16.008268622106662,0.021756407155710172,480.0,15.79024911530843,0.02058584355722165,480.0,15.838271525684458,0.024542885960332456,480.0,16.20949053049693,0.026841948551488543,480.0,16.146761292017395,0.02615914326825255,480.0,15.913222027401893,0.018802066581942847,480.0,15.921427464227202,0.02071289123103332
25,500.0,15.800189749621776,0.013926504606929338,500.0,15.746198466098795,0.02087607194601234,500.0,15.57811345509717,0.02153131692959199,500.0,15.923163496648057,0.01974168210630409,500.0,15.61355019668802,0.014272800136537516,500.0,15.726836967023429,0.023137030999896842,500.0,16.09439900924142,0.020475963923906278,500.0,16.05989751383892,0.026970661985026234,500.0,15.873052827888213,0.01649833351968122,500.0,15.884839505655474,0.01902542495335261
26,520.0,15.85404615385195,0.01644870776487494,520.0,15.68615764184533,0.021295577955165026,520.0,15.638876330083628,0.023580051805447422,520.0,15.810349080632099,0.01734582039118154,520.0,15.630039254492539,0.015258538639773495,520.0,15.713596070937015,0.022212250507650272,520.0,15.971449516768365,0.019431667020102697,520.0,15.92151071108938,0.023267601578633817,520.0,15.93675899310272,0.02065774350515192,520.0,15.943314898292222,0.01817137892917854
27,540.0,15.941486563374559,0.01941138917801552,540.0,15.681118173998525,0.019426121606402856,540.0,15.730414329499462,0.02851193477630616,540.0,15.689694262380543,0.015928636439683754,540.0,15.516942307980875,0.011642102124543608,540.0,15.591058400047153,0.02013086953364265,540.0,16.010018414466046,0.01848081615524222,540.0,15.741362800649242,0.01847754419732771,540.0,15.980921300501924,0.01934400797177117,540.0,15.935086859201396,0.017897868462297455
28,560.0,15.837464542031567,0.013976923216961593,560.0,15.570168509066022,0.02109126294154914,560.0,15.580582780829198,0.02565492025738457,560.0,15.664228603459621,0.015263961688916413,560.0,15.659186559690317,0.01746175966419277,560.0,15.463479849775766,0.017843720616709774,560.0,15.842879963090903,0.014403610338596733,560.0,15.775289284622994,0.020287905242107922,560.0,15.794941485625149,0.0160392263841379,560.0,15.825060031204846,0.016084478815266107
29,580.0,15.791973781519996,0.01265576015236441,580.0,15.580878318009843,0.02115867462287191,580.0,15.55839817077897,0.024886085504254116,580.0,15.664971072083782,0.013492379830414876,580.0,15.670431519872988,0.014060087126801301,580.0,15.389632537321823,0.017737815607657286,580.0,15.874633029943821,0.01378275086989184,580.0,15.703750454509525,0.01785773188784018,580.0,15.808456179307392,0.01871932848350629,580.0,15.771412714151412,0.014756061275672137
30,600.0,15.753753073234243,0.014859924822122927,600.0,15.507139429269824,0.023006300538024767,600.0,15.278867511380042,0.01699258688365507,600.0,15.750113449294995,0.01611745174316537,600.0,15.459375458583407,0.0091677020001216,600.0,15.358699962453011,0.01629244639777596,600.0,15.861351871605587,0.01771231014399261,600.0,15.735771663918051,0.018398388561537502,600.0,15.729230361923888,0.017128877955107043,600.0,15.84985782776301,0.01927375668274008
31,620.0,15.828895284367533,0.018932440801858175,620.0,15.333631225771807,0.01669190252157793,620.0,15.292641938682767,0.019197402721847934,620.0,15.70633539086088,0.015961642468275423,620.0,15.511323984365195,0.012604407625391048,620.0,15.48775356628295,0.021738696249213246,620.0,15.886803266467755,0.019938297485532972,620.0,15.628858278832647,0.01467004663760143,620.0,15.794181561081537,0.020789165158874832,620.0,15.739787060601055,0.013994219498299562
32,640.0,15.851212473134982,0.018933790274989353,640.0,15.371764646744117,0.018697908074112413,640.0,15.147757422477476,0.018110140475825928,640.0,15.52268320680064,0.01396903844284672,640.0,15.58562657236591,0.017237973137908643,640.0,15.379277802609435,0.023085867176468405,640.0,15.87505908915771,0.02537554514249252,640.0,15.429912090664992,0.010518256937018,640.0,15.777505783695984,0.020056712420060897,640.0,15.68024727246664,0.012239545807224304
33,660.0,15.73293824179993,0.018177463892896754,660.0,15.362932272358064,0.025401417003282675,660.0,15.067642505129042,0.01910074871382774,660.0,15.506874668638183,0.014928704041745807,660.0,15.585862496036617,0.017768915980604965,660.0,15.30314985475698,0.015705118440798076,660.0,15.922584743529193,0.02539584976219632,660.0,15.207063924371782,0.009205097886536636,660.0,15.648328866460774,0.014471779763900443,660.0,15.579522108832299,0.01189468853638584
34,680.0,15.701346174172096,0.02004155010958211,680.0,15.179029758137869,0.01704100034275669,680.0,15.027376531348768,0.0191739862502338,680.0,15.498317211508422,0.015444412752368112,680.0,15.50223104776576,0.012721862332638039,680.0,15.054101994359476,0.014292728404492859,680.0,15.75805743884078,0.01794522135075355,680.0,15.237188896727055,0.013492409171866842,680.0,15.631121372145648,0.017244585986255997,680.0,15.508410721824996,0.013957433189434215
35,700.0,15.723317524062434,0.017930155938592242,700.0,15.203614953990831,0.021877837700816385,700.0,14.849508721672798,0.015907112052689586,700.0,15.475561518162985,0.01586622787942401,700.0,15.491246993391096,0.014549294785348072,700.0,15.166705734225307,0.02275830861406996,700.0,15.67161843307042,0.020943725915158033,700.0,15.24666057490883,0.0164340730424226,700.0,15.553622296849907,0.013231174299317878,700.0,15.356023410056153,0.013051433542744465
36,720.0,15.641748381217726,0.015885237556932393,720.0,15.153070266325662,0.023572032082220213,720.0,14.912237844307597,0.02282251366242259,720.0,15.261644850939222,0.014274472708598851,720.0,15.38305003172855,0.011761447168098741,720.0,15.108660240908314,0.02374006787106109,720.0,15.636496006778016,0.021760251114021127,720.0,15.144643538159999,0.011477485148863277,720.0,15.509352219105132,0.012187291132227324,720.0,15.35999196894118,0.015058370191585206
37,740.0,15.482029595861762,0.012280707587142045,740.0,15.031594136402898,0.022311877427723375,740.0,14.759933101918207,0.022172041851132057,740.0,15.222720522465357,0.014129648860811002,740.0,15.394820941368632,0.014910221234157537,740.0,15.033879145802679,0.02060095364160228,740.0,15.568820893802291,0.02556211581156278,740.0,15.164595994015766,0.014586660814495467,740.0,15.324884084346223,0.011403142889715452,740.0,15.330161067387415,0.015230876851545578
38,760.0,15.549477614744374,0.01722606307709713,760.0,14.959628959803391,0.018520398812986286,760.0,14.61940145816584,0.0210169831503779,760.0,15.160725869201453,0.014929118500412786,760.0,15.395284245857308,0.016488971323458855,760.0,15.076687461149245,0.0259578324261881,760.0,15.31020655087462,0.016554916131802773,760.0,15.08275922188971,0.011135414744140117,760.0,15.293998295765032,0.012210489145237655,760.0,15.475007271165488,0.02257837789003361
39,780.0,15.452605824017441,0.015695418347387333,780.0,14.785567534378133,0.015616530126473512,780.0,14.589639975231432,0.022747832106097203,780.0,15.190326567851425,0.015246727425458087,780.0,15.3405333781612,0.013465159007251055,780.0,15.01563813422292,0.028608314369349668,780.0,15.259529341435519,0.017479153741528492,780.0,14.926618382769563,0.008175782272494592,780.0,15.160984828195659,0.01112088942184935,780.0,15.497941609914516,0.020446656560035137
40,800.0,15.308700246764014,0.011614914689169706,800.0,14.848229455228333,0.021034612640203083,800.0,14.625764395443852,0.025705397011385855,800.0,15.190966487691854,0.012861618565481906,800.0,15.25623271909842,0.011792426021266126,800.0,14.91919357044613,0.03172488336320756,800.0,15.188099890518233,0.017102449056694953,800.0,14.866908699824393,0.008395837893756692,800.0,15.112416047994254,0.01106587065160492,800.0,15.378021831537739,0.01848758179397763
41,820.0,15.097532779672493,0.008824289827463645,820.0,14.864736923282615,0.025581484544168226,820.0,14.718953147499402,0.02472223958880075,820.0,15.134548079825505,0.012725604361921787,820.0,15.187606612505691,0.011530388123000071,820.0,14.763552927294922,0.025502210860385906,820.0,15.188657977017131,0.023146219026020286,820.0,14.831696208453184,0.010148163673563472,820.0,15.00414423802787,0.010399291056498668,820.0,15.333482055759866,0.022719086058044954
42,840.0,15.055721759488671,0.0108390448628962,840.0,14.84819766532342,0.025767896609550346,840.0,14.405573478708169,0.013949829906527057,840.0,15.047673293622905,0.013051414268205002,840.0,15.116469741060795,0.010390287703219921,840.0,14.691769144357119,0.025583591359474255,840.0,14.984907067864116,0.016039163954837357,840.0,14.98501958903639,0.01663417622958033,840.0,15.012482009541282,0.010093180414686402,840.0,15.234780873189976,0.017655609594388316
43,860.0,15.215643480013368,0.0191931185780122,860.0,14.691664270729708,0.019739962469083588,860.0,14.491506660658805,0.021023472142351732,860.0,15.016082686526225,0.011100267388012815,860.0,15.165059751146169,0.017274608631757598,860.0,14.70651466991542,0.024000472473202,860.0,14.90427030708717,0.013757327225627348,860.0,15.017540063292378,0.016508611944951276,860.0,14.932074907640809,0.011438752306541154,860.0,15.144964639920836,0.01611498979020317
44,880.0,15.050796945667946,0.013116347154946122,880.0,14.690225238821677,0.0218799528523668,880.0,14.23716634220833,0.01690229030683306,880.0,15.010370210041364,0.012605689049381955,880.0,14.981391746936325,0.011052930664097052,880.0,14.390184439540926,0.016057409501710154,880.0,14.958321805672751,0.015381332993370274,880.0,14.934052226608907,0.015136341330160582,880.0,14.988253988807887,0.015844628903803393,880.0,15.125660112402764,0.020694263731546477
45,900.0,14.90086632039383,0.012012674864955959,900.0,14.475682128837228,0.023662951744258504,900.0,14.163532936921131,0.01761641719606185,900.0,14.762189570854856,0.011998484256648108,900.0,15.010701915085367,0.01428656075352012,900.0,14.339307347756163,0.022903227575364456,900.0,14.733153912244568,0.010969215853384217,900.0,14.934558566004485,0.01632019439465256,900.0,14.878796687721202,0.011038631538850267,900.0,15.016548213876618,0.025873849656475524
46,920.0,14.853118866995443,0.015396744241688859,920.0,14.355429778578769,0.018271541087081126,920.0,14.0039432995839,0.014758142486269454,920.0,14.777610374475387,0.012715371026525445,920.0,14.921908113618656,0.01234110738766091,920.0,14.415830521538819,0.028237905863855717,920.0,14.727125694875246,0.010710983155217173,920.0,14.896072014014429,0.016476848641184823,920.0,14.710601846787767,0.008297754423850914,920.0,15.019226305861542,0.024007570641484004
47,940.0,14.823316590451213,0.013542934545043692,940.0,14.356075198517589,0.020749655813403923,940.0,13.850891788324272,0.013849943124828732,940.0,14.70286334723808,0.010367533457852494,940.0,14.973173636289646,0.014879124131616487,940.0,14.44390424175181,0.02388266272320396,940.0,14.704120210489227,0.013375174238522244,940.0,14.876371774692595,0.02208547377122764,940.0,14.698362632042205,0.012034976236679717,940.0,14.835427087491562,0.018006546140306272
48,960.0,14.840486661365249,0.015002585367137647,960.0,14.239577056018591,0.018506413322045986,960.0,13.85394243823683,0.014200409476677047,960.0,14.735601184710452,0.01198574267510244,960.0,14.88425446065615,0.01520410399417694,960.0,14.228110361309207,0.01980430311759635,960.0,14.602148227945172,0.011400181588139149,960.0,14.87079033439831,0.022015035400779648,960.0,14.797042845872191,0.020819460791702004,960.0,14.832412754639867,0.019979101908209135
49,980.0,14.830362399088319,0.01471411606261256,980.0,14.177164866172212,0.014851214395406463,980.0,13.767862130194183,0.016477048562682256,980.0,14.719324938995019,0.011781884614220507,980.0,14.859003782663484,0.01777421591592311,980.0,14.0507552068494,0.018322346511420576,980.0,14.531601447305801,0.01407293256553722,980.0,14.772237895240227,0.02010412070988574,980.0,14.885422217362365,0.02096661200769182,980.0,14.738288304182424,0.020621787939500775
50,1000.0,14.725517233305302,0.01142909681601373,1000.0,13.971336371657932,0.014675204747738048,1000.0,13.79461371142456,0.017077549672874785,1000.0,14.533407845838223,0.011800310110840234,1000.0,14.722683149813118,0.013566049849436776,1000.0,14.153449308849455,0.03053033083439024,1000.0,14.459789930747,0.014742547587140034,1000.0,14.604116294852163,0.019495578041463273,1000.0,14.835946729932175,0.020719911204210698,1000.0,14.692744829660938,0.022985595542686855
51,1020.0,14.778190011386778,0.014842701823426504,1020.0,13.866432670915847,0.013755329022679473,1020.0,13.809340678872402,0.021652845014976937,1020.0,14.626466615095694,0.014845815444041895,1020.0,14.676033151315684,0.017913453792999533,1020.0,13.816069196867359,0.020489085371643245,1020.0,14.385078083680902,0.0146997969582458,1020.0,14.465726178938105,0.015069418780435294,1020.0,14.853210300570842,0.02164229158116757,1020.0,14.458815938328685,0.018704409738127887
52,1040.0,14.682131307304989,0.018472384031301317,1040.0,13.80474269294516,0.014663231433690293,1040.0,13.67697116693692,0.018629271356714317,1040.0,14.478270482907554,0.011659858808556606,1040.0,14.584618152088941,0.016347154212968847,1040.0,13.669546188965237,0.02126479344759387,1040.0,14.347376012170802,0.015492249721352002,1040.0,14.254094402927144,0.012386630709358488,1040.0,14.67319698596106,0.017146963792135584,1040.0,14.233501010958788,0.013236585270238984
53,1060.0,14.907137416866158,0.02611477171735083,1060.0,13.905532551894057,0.023068959609383828,1060.0,13.73852050575569,0.023240156488963003,1060.0,14.44212080113348,0.013726513344207955,1060.0,14.454620005694583,0.016220366219287144,1060.0,13.427981310407441,0.014664631450026366,1060.0,14.291290690607108,0.01892216701561669,1060.0,14.348333018104611,0.020823398923579494,1060.0,14.579450505635087,0.017886897936567583,1060.0,14.226754328389758,0.016482909820760658
54,1080.0,14.770529449966654,0.020491311156656967,1080.0,13.856673082833023,0.02475976686408958,1080.0,13.47952780351975,0.019591011776862104,1080.0,14.368927892991053,0.014821273459855353,1080.0,14.5325999915244,0.021260107335074573,1080.0,13.436401666774772,0.016434598083748773,1080.0,14.239105849429693,0.020358340212354768,1080.0,14.489299810105832,0.027298481894964928,1080.0,14.509847094095273,0.01854955798666963,1080.0,14.117498392509065,0.01624342831166673
55,1100.0,14.645594330941634,0.01901087046864767,1100.0,13.654284006672622,0.025322176848184993,1100.0,13.300237950811889,0.016938978188154614,1100.0,14.306031274273385,0.012852255553189681,1100.0,14.44647830447724,0.021401307009048395,1100.0,13.432234220001387,0.0210428332274835,1100.0,14.280227579208145,0.023607573142579028,1100.0,14.177584837422916,0.01931105709694714,1100.0,14.368152919600139,0.013589697380631942,1100.0,14.166656485946156,0.020982805287364487
56,1120.0,14.40274812656755,0.013661002316541332,1120.0,13.57777761604905,0.027990842438484587,1120.0,13.515022569052826,0.028588557660896016,1120.0,14.230270205628468,0.012778733779764833,1120.0,14.40465696246502,0.018528015555105457,1120.0,13.485327153943143,0.024140522956567847,1120.0,14.220273565351105,0.022268577495042248,1120.0,14.197696313882895,0.022923750215903517,1120.0,14.348173763845352,0.020335637034612324,1120.0,14.158419878463729,0.02133968774429325
57,1140.0,14.31964016881255,0.012725622192383367,1140.0,13.419093893392047,0.022999606885606576,1140.0,13.341123844424397,0.0222518671492594,1140.0,14.15208374402664,0.01169222861125396,1140.0,14.339002240157631,0.021219612594349322,1140.0,13.253900356642013,0.018100897842898415,1140.0,13.97858251860313,0.013555616776099087,1140.0,14.116269984203146,0.024187550012831866,1140.0,14.285019171018435,0.019865013133849328,1140.0,13.874951503201165,0.017127709229459696
58,1160.0,14.284874723958644,0.013921896551998224,1160.0,13.348580644682023,0.01622201691791619,1160.0,13.33469046823851,0.021135816559426826,1160.0,14.235506704270566,0.0133366006718129,1160.0,14.041334539247845,0.012463638683567247,1160.0,13.202024045999512,0.022630535193386266,1160.0,13.999095389750273,0.019717985711806104,1160.0,14.181362334662591,0.02998295907664344,1160.0,14.195456802701898,0.019611823227783782,1160.0,13.976501473810742,0.022153465227720253
59,1180.0,14.343437166132636,0.022692303619739625,1180.0,13.277725917131706,0.016194773899080958,1180.0,13.252714148433466,0.021808000576976613,1180.0,14.20466528208551,0.012949035266866525,1180.0,14.055222260284209,0.014654820763335151,1180.0,13.096389217094115,0.02080695377548586,1180.0,13.912991547390174,0.018924564899595615,1180.0,14.045421082347254,0.0258161784459195,1180.0,14.167131491328012,0.020230497256190083,1180.0,13.938505394931367,0.02039726924364195
60,1200.0,14.217388575547686,0.022928331784945306,1200.0,13.259132587849043,0.016979868145608246,1200.0,13.378998137305585,0.028738388228083837,1200.0,14.054352348521212,0.013503074502359184,1200.0,13.849531332884181,0.010450983903223696,1200.0,12.962676267119038,0.025712062149178025,1200.0,13.965889604970116,0.01808966189062813,1200.0,13.87010243988468,0.028601095235163423,1200.0,14.100069919076246,0.021093416262320662,1200.0,13.841320661824364,0.01910162381385192
61,1220.0,14.180005666079216,0.02129494115894054,1220.0,13.224496937706952,0.012510856284466954,1220.0,13.243990896197468,0.02893778194581179,1220.0,14.056382605648801,0.013603332417787375,1220.0,13.770973674808497,0.011084767226443946,1220.0,13.130150564177876,0.02996615018810371,1220.0,13.794737797124967,0.018552459638591465,1220.0,13.591738044000243,0.026824678153256468,1220.0,14.09973279748823,0.03074485708250466,1220.0,13.774792391233873,0.02196642226811372
62,1240.0,14.079193753379048,0.020340124799751922,1240.0,13.244978958555368,0.013088401803246283,1240.0,12.893619087550805,0.02326340511514633,1240.0,13.983339790856148,0.015931913355546265,1240.0,13.933179203079451,0.019521206031564122,1240.0,12.867837889918999,0.027528151545306138,1240.0,13.798733135187785,0.022743703872402474,1240.0,13.498095344695793,0.02170172513912022,1240.0,14.045362492675336,0.03407243120773293,1240.0,13.599208110778685,0.015342668406753206
63,1260.0,13.97176554856299,0.018095962885333213,1260.0,13.150826990168948,0.012113285632571018,1260.0,12.855184476978827,0.01795357248766117,1260.0,13.96561998577067,0.015158249252589979,1260.0,13.846139854560642,0.01522320167081548,1260.0,12.764533439742438,0.032638235204367046,1260.0,13.642901924129465,0.01487884769619024,1260.0,13.34473228072337,0.018965461568276647,1260.0,13.858508449657087,0.03223017588514743,1260.0,13.422876400355255,0.019639907897529982
64,1280.0,13.67441508486993,0.015318474517563263,1280.0,13.055628825155983,0.01168011613909973,1280.0,12.674904900319277,0.01983557960756734,1280.0,13.825735438851693,0.011958745929120902,1280.0,13.806926444103752,0.019456066671249293,1280.0,12.811519689354467,0.036610858996104445,1280.0,13.503734577974871,0.016115421674320427,1280.0,13.131513241026262,0.01906151661183957,1280.0,13.684397354681106,0.030846583302387792,1280.0,13.525186108326107,0.02328831483831711
65,1300.0,13.738563016420256,0.021512381454706606,1300.0,13.09481910237068,0.017196183063994765,1300.0,12.586628770858217,0.020569793189484584,1300.0,13.872091921793889,0.015778812044843615,1300.0,13.978658853685248,0.02363804398453019,1300.0,12.554650718381831,0.032548374231033815,1300.0,13.297224914929895,0.00910455038715424,1300.0,13.181944969493525,0.025545306720999278,1300.0,13.584032008275173,0.029711960132240332,1300.0,13.304839162419027,0.014806680594748562
66,1320.0,13.729720119695694,0.021170536184481704,1320.0,12.945851058180823,0.014145481242992137,1320.0,12.679585471026511,0.02158524037402514,1320.0,13.876540460372096,0.017712019849318843,1320.0,14.056624358786967,0.027795893984698027,1320.0,12.354017174429298,0.041783565672815784,1320.0,13.226934212683885,0.007176855277274703,1320.0,13.196620397133682,0.032605548200994795,1320.0,13.22215406797125,0.020638972507992275,1320.0,13.03741909560226,0.01282523784212762
67,1340.0,13.887468601905622,0.03005578757955858,1340.0,12.879859545526912,0.014324300905943886,1340.0,12.664628849378758,0.029579581422422573,1340.0,13.854850586690263,0.015296018193640064,1340.0,13.916417470276222,0.02592567225183149,1340.0,12.294741146521734,0.03271121923813788,1340.0,13.28695568730343,0.013445118122221112,1340.0,13.117297562632432,0.029528769909785698,1340.0,13.045990657102848,0.018759610080184005,1340.0,13.198631182396703,0.02418924377164683
68,1360.0,13.701019456301456,0.01982184472673622,1360.0,12.699135433495234,0.011132175126314578,1360.0,12.609468847975345,0.03501971975754905,1360.0,13.825182879360502,0.014365452194114052,1360.0,13.878466884024313,0.030772436782392394,1360.0,11.901520928986741,0.027218657014360773,1360.0,13.192541377475878,0.014065567060102145,1360.0,12.878047097665998,0.024898125710728223,1360.0,13.009585560394259,0.01702713244117074,1360.0,13.0891759887489,0.017939819246792693
69,1380.0,13.45227765595883,0.01600186383626047,1380.0,12.648439589640217,0.012228964745572364,1380.0,12.585547808008936,0.029491587317811093,1380.0,13.746586141837696,0.012977499805539614,1380.0,13.757226516103545,0.028143221245393035,1380.0,11.94624273518471,0.023608516150260963,1380.0,13.217290337362119,0.011344632775017433,1380.0,12.864763922521616,0.03162376868074765,1380.0,12.803521594674743,0.015002377760279465,1380.0,13.112291381587898,0.025696980600633686
70,1400.0,13.096534623438929,0.012002892050614587,1400.0,12.577648835194008,0.013138187446811143,1400.0,12.24343160158652,0.033889264074753345,1400.0,13.61459156989336,0.011900409262075187,1400.0,13.550679803820273,0.0277617065574556,1400.0,11.820893249025564,0.02797244019045456,1400.0,12.989594529679685,0.007242124028650718,1400.0,12.589005529894935,0.021250569783118203,1400.0,12.9078175495564,0.019863039885111247,1400.0,12.901617405118321,0.01905752854620269
71,1420.0,12.99122117648569,0.01159497832026112,1420.0,12.488343879191813,0.012450203187374475,1420.0,12.211962399656851,0.04120584453550475,1420.0,13.467385002841585,0.013539334919548087,1420.0,13.444336054347207,0.027405583245127173,1420.0,11.840614267287325,0.031127014551910664,1420.0,12.94119731572102,0.007884755230164664,1420.0,12.792499240835888,0.029991647999929375,1420.0,12.959686315651632,0.01817139610581277,1420.0,12.837612504822816,0.020183199551492833
72,1440.0,13.112301445808889,0.01980769718871262,1440.0,12.35089905503334,0.010049837929453725,1440.0,12.273309530630158,0.040332844265027076,1440.0,13.494538114514945,0.016351265274022673,1440.0,13.243889931423492,0.02655314994064165,1440.0,11.695466110072017,0.03147494531281673,1440.0,13.045509442028985,0.013680971260004667,1440.0,12.688087852586355,0.03285021305306491,1440.0,12.692092401566148,0.013491247582449448,1440.0,12.883982459844042,0.024884863922197048
73,1460.0,13.009980201823113,0.013441060590883739,1460.0,12.373596651869413,0.012023734876113037,1460.0,11.95085003297246,0.03569604377984917,1460.0,13.496676781756905,0.015879017752404936,1460.0,13.216626386555522,0.028828762741987382,1460.0,11.759152160033876,0.02891263256075305,1460.0,13.135005783560231,0.021498348844957358,1460.0,12.486731650835727,0.026166851993518522,1460.0,12.861228757871565,0.01950203219439184,1460.0,12.970236554109892,0.028668286293937237
74,1480.0,12.845042925954917,0.01305684018518101,1480.0,12.374304894691473,0.012481385403958265,1480.0,11.830868168866498,0.031522038569657365,1480.0,13.38455804249547,0.016773482268393435,1480.0,12.93043022990428,0.022913842396318683,1480.0,11.433669666742047,0.02370794007910422,1480.0,13.182586200349848,0.02307859328442744,1480.0,12.27868519401907,0.020981050568501754,1480.0,12.82220959475081,0.020113452154614908,1480.0,12.708078663564816,0.020556573145718984
75,1500.0,13.04069002320823,0.02379859312983791,1500.0,12.35818365826385,0.016121834324494863,1500.0,11.465880601273279,0.028492192429493933,1500.0,13.193748107224783,0.018230716172851272,1500.0,12.795821727155964,0.021063507402186772,1500.0,11.254069935415053,0.02969848531531279,1500.0,13.214275780369904,0.02449515224773808,1500.0,11.91127428906289,0.015612805753490146,1500.0,12.835514269212549,0.027227601450120396,1500.0,12.417794498066737,0.013487347723609705
76,1520.0,12.818999230965932,0.020018207329184634,1520.0,12.331950193624854,0.022712224571948988,1520.0,11.389698329657346,0.021589953180377933,1520.0,13.075508137610115,0.017654083340181217,1520.0,12.75918957268375,0.017590665613840366,1520.0,11.233612696955307,0.031550425350819436,1520.0,12.916895315345906,0.014755832724528347,1520.0,11.811126190855045,0.012204864444366637,1520.0,12.778908721679805,0.022712184821439507,1520.0,12.306699399719356,0.01112467944554799
77,1540.0,12.582327649742442,0.01353525011547825,1540.0,12.226201396308802,0.015357399459152486,1540.0,10.936594933960896,0.013812330996663057,1540.0,13.039271249461851,0.01674782100947158,1540.0,12.588638380787325,0.01692868681913126,1540.0,11.096179701055718,0.030863601588040097,1540.0,12.679633112732777,0.010700965806140657,1540.0,11.918056496578163,0.022726288421257172,1540.0,12.33024185081916,0.013256845320851753,1540.0,12.376271005727412,0.016594273305953453
78,1560.0,12.482164477820309,0.00965066452330677,1560.0,12.277188815518475,0.01743706836248552,1560.0,10.921876136575573,0.02168137006751984,1560.0,12.97828117745224,0.015176574504169692,1560.0,12.663273581859945,0.016816863590866305,1560.0,10.885819976138537,0.023329231909367486,1560.0,12.745333415988247,0.015988662703741382,1560.0,12.13174058907822,0.0343352250942286,1560.0,12.448308132431158,0.02761235009802833,1560.0,12.217419275573896,0.014591536619233387
79,1580.0,12.417562933444671,0.007405876337985862,1580.0,12.003895941112,0.016712907177807334,1580.0,11.067169868179645,0.02808064262499372,1580.0,12.859701516585432,0.015948423123907422,1580.0,12.666976955514547,0.025497107918918172,1580.0,10.522444811228244,0.01240578649207364,1580.0,12.524123138995147,0.009213677145740931,1580.0,11.778239849699757,0.02158619360834834,1580.0,12.445908270098812,0.024058823518300503,1580.0,12.256164020737165,0.014217969767579242
80,1600.0,12.415333948381326,0.008999349300722511,1600.0,11.944482335334643,0.016024200684682154,1600.0,10.961281222663999,0.029376284128581176,1600.0,12.74967516679857,0.01690645135049718,1600.0,12.460840011557835,0.02081537402775899,1600.0,10.593840754460313,0.018210705813519384,1600.0,12.528274846687278,0.01231234693356481,1600.0,11.612851488907193,0.025746292917175062,1600.0,12.262717408376975,0.017431251187541574,1600.0,11.964963399051841,0.011255097100260273
81,1620.0,12.65788739706763,0.021926847870221196,1620.0,11.920543390547044,0.02030505821056251,1620.0,10.905466256174817,0.027387597385724872,1620.0,12.693352447496084,0.017929752269174044,1620.0,12.345139397993949,0.022195737760138643,1620.0,10.711327669404216,0.025437630281369618,1620.0,12.577396176793297,0.011346647972271726,1620.0,11.487841830400914,0.02435266325388491,1620.0,12.11573563221306,0.018741152552650103,1620.0,12.099920269169811,0.019215071027035804
82,1640.0,12.553552327706713,0.020686576658828098,1640.0,11.96377101238778,0.02535807376374708,1640.0,10.883439842813823,0.02740035740930102,1640.0,12.667681963136845,0.015617495427349564,1640.0,12.346157456884985,0.023578420654246663,1640.0,10.738844683656998,0.04525185132867076,1640.0,12.332257454731906,0.00638481868416698,1640.0,11.580319273739693,0.03790113953832663,1640.0,11.882140342306045,0.01093281759133375,1640.0,12.207527811976812,0.028014843436522056
83,1660.0,12.633283187480302,0.021911336784104545,1660.0,11.77463592012278,0.030331936575084102,1660.0,10.69103471179807,0.020669763110096988,1660.0,12.560616522603864,0.01726089144779869,1660.0,12.1786338365898,0.019944046982740386,1660.0,10.607917353506208,0.03500168656417289,1660.0,12.275946282213393,0.0058047518327307345,1660.0,11.813983226980094,0.05007706913026632,1660.0,11.888311481454622,0.016168963117587698,1660.0,12.062980400432222,0.0191451127233038
84,1680.0,12.654558851485255,0.02317474458784206,1680.0,11.873395015624462,0.03405776785449314,1680.0,10.4790428878714,0.02415064965635114,1680.0,12.640774591273702,0.026897815560443194,1680.0,12.099684594584643,0.015556700308630716,1680.0,10.018442881747546,0.036433156891692124,1680.0,12.204297650797303,0.006099365467672988,1680.0,11.331109612283662,0.04194722034261299,1680.0,12.22831240418417,0.03260838084784872,1680.0,11.742326565639855,0.013861300041762977
85,1700.0,12.469181491641633,0.015316838190243704,1700.0,11.705346336607391,0.02942275572424316,1700.0,10.561319819320056,0.030707287307168835,1700.0,12.626292874717583,0.02235771006638641,1700.0,12.138831584364175,0.02063233735209486,1700.0,10.387909298324425,0.05338756201632324,1700.0,12.151835411165303,0.005511246569292569,1700.0,11.038519793404765,0.03224621352854156,1700.0,12.00247762873219,0.02771210249322357,1700.0,11.845804509786516,0.023649956030116884
86,1720.0,12.36423583189164,0.019502289140316393,1720.0,11.29256133828205,0.02216930782411176,1720.0,10.658698643306929,0.055810772489824585,1720.0,12.628818759494003,0.02537978066495354,1720.0,12.181089391601978,0.03179411716990196,1720.0,10.151780106899905,0.03941751201191236,1720.0,12.140011615590678,0.006820875890580606,1720.0,10.772640258208758,0.030195885405577206,1720.0,11.794091893068144,0.020852518857906517,1720.0,11.847017648607965,0.02784254543170923
87,1740.0,12.33571162456799,0.019502336514473237,1740.0,11.140259264270567,0.022511412616096693,1740.0,10.59253989683684,0.06068110334119142,1740.0,12.459103004529334,0.022197312731715907,1740.0,12.163326763179946,0.02535631882847461,1740.0,9.857618007758493,0.027451567293302864,1740.0,12.335692812530521,0.015847930032229608,1740.0,10.356884880755807,0.022149418980476843,1740.0,11.468157543785887,0.013421819066688045,1740.0,11.827957739752456,0.024908715674751968
88,1760.0,12.217759406580493,0.021400904128419995,1760.0,11.167668841607707,0.018711243940906026,1760.0,10.092234521365905,0.039266025995609403,1760.0,12.328344094173326,0.01815199712289312,1760.0,11.612335786341877,0.01603960103264244,1760.0,9.628996343193661,0.031383235762123964,1760.0,12.329631696262389,0.016566014676984712,1760.0,10.543136880929818,0.03423278113445743,1760.0,11.391002986012946,0.013882090386737825,1760.0,11.662562782314653,0.016715901856123924
89,1780.0,11.941513550409628,0.012569509195010327,1780.0,10.727798586643011,0.015554032934763972,1780.0,10.034533545099272,0.04669038712055659,1780.0,12.178167035442424,0.013101383947800015,1780.0,11.517071996570934,0.016048603100782054,1780.0,9.465140345402851,0.030478311533911562,1780.0,12.175766690207919,0.015293598793480394,1780.0,10.589772877325778,0.036214977486612586,1780.0,11.637886013977921,0.028596936131898034,1780.0,11.315853225880666,0.011655342914429401
90,1800.0,11.880882195994792,0.008776366019226467,1800.0,10.876442124054064,0.021960491894194786,1800.0,10.411621432620175,0.04259192394488362,1800.0,12.216816234047162,0.012458309735856325,1800.0,11.569989069623878,0.02189367783887617,1800.0,9.53739762792426,0.02100353548223106,1800.0,12.275803753407445,0.018049281651059283,1800.0,10.313885153416846,0.040614189703791624,1800.0,11.474913671737077,0.02683001287718434,1800.0,11.50692376922754,0.023123027609836137
91,1820.0,11.953891075277097,0.01760963113226493,1820.0,10.630199224691848,0.015226700627631911,1820.0,9.24026460246765,0.01467327766220927,1820.0,11.928818646797582,0.008903027043671317,1820.0,11.560823326377218,0.026000941753235234,1820.0,8.910285966069411,0.009917817955290158,1820.0,12.170236110165405,0.013385894686887197,1820.0,10.173115685957097,0.033895463045754366,1820.0,11.507794312490647,0.02993997249351549,1820.0,11.477840789041055,0.02579909077722583
92,1840.0,11.860793133336257,0.019529567398487494,1840.0,10.77292955413611,0.023649088928278862,1840.0,9.166200549735807,0.011423340414958847,1840.0,12.000974857921685,0.01078693458595301,1840.0,11.452383380380114,0.0224469739254478,1840.0,8.936442070368686,0.016012623183926863,1840.0,11.870849315243277,0.00983818975709186,1840.0,10.324253833593652,0.05150796182707274,1840.0,11.467330985567893,0.03595134147330341,1840.0,11.338564109563867,0.024335302263103643
93,1860.0,11.859331470597665,0.016149337711678726,1860.0,10.588152444375673,0.025245141369915222,1860.0,9.203244759691344,0.02307794864961871,1860.0,11.660895992566447,0.010273754127073044,1860.0,11.268057655995012,0.020769605427614284,1860.0,9.202492487626198,0.021594641429204572,1860.0,11.78134184248,0.008559867461910595,1860.0,9.93001143797156,0.03708548099161629,1860.0,11.404282716391007,0.03325079853426494,1860.0,11.21494509612228,0.02488997028575412
94,1880.0,11.494807056015457,0.009852996035604732,1880.0,10.678656772006264,0.022853947465287898,1880.0,9.762866057700862,0.05910735322509955,1880.0,11.786613585908935,0.01565565528073962,1880.0,11.354262522775516,0.01877281388628258,1880.0,8.798809135694485,0.015392196234595559,1880.0,11.698251740523956,0.008979126183907322,1880.0,9.88228708223785,0.047562188513481395,1880.0,10.801476302609716,0.01830323731597583,1880.0,11.631993940956308,0.041434191178257085
95,1900.0,11.391712886301233,0.008653838766970108,1900.0,10.53222406982677,0.025367719425927648,1900.0,9.286789130034178,0.04668026831650485,1900.0,11.550861520188967,0.00922830736837994,1900.0,11.072529662497065,0.019573445486496675,1900.0,9.08077636910384,0.028192784291901536,1900.0,11.661051782791493,0.009223475634872101,1900.0,9.562491778224848,0.027867627754867827,1900.0,10.881704879090794,0.02553876807639319,1900.0,11.597339882608129,0.046411543553574984
96,1920.0,11.38798315455137,0.012026629467164564,1920.0,10.472794249603018,0.02572224905251945,1920.0,9.224555986831506,0.04957688335487204,1920.0,11.732468244152926,0.020424916976253184,1920.0,11.257479135629454,0.03246505471428921,1920.0,8.59940116559434,0.013524174754731827,1920.0,11.730660487495468,0.0117945528329579,1920.0,8.99987252953158,0.015887560749970945,1920.0,10.742323881692302,0.02346913587666975,1920.0,11.315200502047219,0.03585750884793445
97,1940.0,11.470701520485871,0.016813881462065493,1940.0,10.368956386553293,0.02366905595430805,1940.0,9.023557700099705,0.03325295528953593,1940.0,12.002424451049574,0.03903729214852708,1940.0,11.433754475323632,0.04401569315308123,1940.0,8.617256646490844,0.01768652621130457,1940.0,11.802944469643501,0.015607933618968239,1940.0,8.934688794879635,0.017951796938760454,1940.0,10.786758370619442,0.016665143553238424,1940.0,10.99295484525538,0.023909390514975124
98,1960.0,11.220009895435622,0.007196683516097583,1960.0,10.30949077088055,0.02878160766078994,1960.0,8.324139243157724,0.01967813324358971,1960.0,11.927954975560645,0.03579950110932864,1960.0,10.951511153567845,0.022365118243263652,1960.0,9.178855783370185,0.04433542164204164,1960.0,11.779864696996452,0.016841341555478964,1960.0,9.174313388029056,0.027697667352838105,1960.0,10.451986573826456,0.013515921261936181,1960.0,10.470247881102312,0.013787160167083498
99,1980.0,11.199310684689115,0.005477675690050037,1980.0,10.184920639806908,0.028310395254141977,1980.0,8.208654307354555,0.0232544688456369,1980.0,11.530516579344845,0.027651968874983383,1980.0,10.498411571099009,0.01468477453859778,1980.0,9.073066379348068,0.02430484273638171,1980.0,12.043486490416349,0.03208451518875232,1980.0,8.73700042760648,0.011093043131837264,1980.0,10.57701540991745,0.02189345491329661,1980.0,10.526315677770619,0.023564803775172827
100,2000.0,11.188015857810557,0.005935566383911936,2000.0,10.592961431434516,0.040235427450796196,2000.0,8.809293302090111,0.05868984153320123,2000.0,11.372591271924872,0.027492834474917658,2000.0,10.350439503885978,0.013697213681077397,2000.0,8.477614400257538,0.02167321970062757,2000.0,11.804829896468197,0.02378820757351457,2000.0,8.813041413862132,0.018013610835557952,2000.0,10.382600087796758,0.024581905700303264,2000.0,10.828539868106535,0.0439921581073436
101,2020.0,11.166125603085044,0.006466911429017318,2020.0,10.250046593678682,0.03598497380118307,2020.0,8.620081484399375,0.07577322709076516,2020.0,11.268942782595527,0.023694278579408118,2020.0,10.510580641674043,0.024778825751799564,2020.0,8.787459144522892,0.03266533662336805,2020.0,11.656920237260087,0.01761591187531272,2020.0,9.467247961805443,0.047198141648682045,2020.0,10.287989412868232,0.029479094100078613,2020.0,10.309682381998226,0.029801095837869843
102,2040.0,11.284016448461182,0.011704041639929687,2040.0,9.94047594432328,0.032683754486516274,2040.0,8.237133162737713,0.08255132108522,2040.0,10.96363918128717,0.014065059525817528,2040.0,10.461150811202817,0.026633503097851847,2040.0,8.213096927574687,0.016870421311108736,2040.0,11.519252807493162,0.025512074033367423,2040.0,9.518410946663924,0.040633638425893355,2040.0,10.433996210032436,0.02888899840984321,2040.0,10.136347059712108,0.02905621588307817
103,2060.0,11.464356132078725,0.01940687427614539,2060.0,9.656314868504689,0.027074930175465292,2060.0,9.055595560842825,0.0976378181606457,2060.0,10.879367720871038,0.011312997485256746,2060.0,10.457783618124033,0.03193380159079488,2060.0,8.285232075505752,0.022599066864613413,2060.0,11.63840741927844,0.033517892202919806,2060.0,8.558310150428992,0.019129078808708486,2060.0,10.256227392714687,0.04138613137433817,2060.0,10.049172577552621,0.030112039894237805
104,2080.0,11.782828516886497,0.04265202263257628,2080.0,9.838701443511473,0.03318738866736373,2080.0,7.906375705909847,0.11487459976761276,2080.0,10.762921048421468,0.012197663606727603,2080.0,10.308731430574406,0.026641844739292927,2080.0,8.671946808679179,0.0443741836916554,2080.0,11.39066516007784,0.033339159061627224,2080.0,8.949659607399719,0.03043372505038895,2080.0,10.10742294541607,0.03440329455035114,2080.0,10.09610783349433,0.03177416594321086
105,2100.0,11.69510430321814,0.030363240927179083,2100.0,9.600489180611975,0.03728116704062162,2100.0,7.04707783147639,0.11346614091484343,2100.0,10.793795960763076,0.01762510258162668,2100.0,9.893973429986998,0.023999010829539563,2100.0,8.85030428645326,0.06574840779126334,2100.0,11.338381919833425,0.033031522109744575,2100.0,8.452692132859244,0.011193372698290986,2100.0,9.996211773320844,0.03792915124508963,2100.0,9.893931845302241,0.03907398591307083
106,2120.0,11.446395614749209,0.030277439918804064,2120.0,9.502878029329725,0.04595000632733393,2120.0,7.356605578937989,0.11935970456875669,2120.0,11.182848397253533,0.03522822090147262,2120.0,10.215148935459224,0.03768282986485661,2120.0,9.088973566972196,0.05647252575841728,2120.0,11.339908544521444,0.03375183106153189,2120.0,8.404072329251226,0.012380859182700554,2120.0,9.751337108800533,0.029804388961873995,2120.0,9.606828771070807,0.033908469038763295
107,2140.0,11.27800176848561,0.018987706893603806,2140.0,9.627906951758668,0.05024164632732992,2140.0,7.634081475086259,0.1047227871142475,2140.0,11.162729454840623,0.025664194854291382,2140.0,10.421318721857872,0.054649598075845254,2140.0,7.999991796803788,0.05370855176972485,2140.0,11.306302216019782,0.03595941261356306,2140.0,8.697673906463468,0.02624153702423683,2140.0,9.247359789454935,0.015546764794993515,2140.0,10.129947221264686,0.059423903197132075
108,2160.0,10.917224990621094,0.012578473110030833,2160.0,8.938978456570414,0.027131308638261138,2160.0,5.993897055979534,0.0978606781064134,2160.0,10.732101566517578,0.023980664053109765,2160.0,10.261774963330618,0.05594226655597545,2160.0,7.640564583335926,0.04314189481054654,2160.0,11.132964206477972,0.02757260887537182,2160.0,8.906218231709154,0.025681029024112446,2160.0,9.172814882937992,0.013326782256495417,2160.0,9.39034427426138,0.04436858114108673
109,2180.0,11.140615610376601,0.03049431355055693,2180.0,9.066358786018627,0.031535047877955476,2180.0,7.026993769160645,0.1012740181186646,2180.0,10.706713122464567,0.025131500094061055,2180.0,9.803378100541327,0.04308525797178742,2180.0,8.27181503600457,0.07261641037421605,2180.0,10.891083812100888,0.03248339519189116,2180.0,8.09632091192153,0.01919140434769384,2180.0,9.459453117671092,0.025098601619479213,2180.0,9.42034353965324,0.05036446684557355
110,2200.0,10.922150417976463,0.023951396132383403,2200.0,8.490901518028407,0.015767899716853793,2200.0,5.43479686674394,0.14124856975179545,2200.0,10.413989911471587,0.019005101003403364,2200.0,8.921678850474851,0.018962783796669186,2200.0,8.035752242284316,0.07283287190102318,2200.0,10.716971882062307,0.03992351308123128,2200.0,8.196642961449474,0.03468471731985293,2200.0,9.103099259092705,0.009521575812088295,2200.0,9.259348697868216,0.029750742204126508
111,2220.0,10.686463487849439,0.022203850976293616,2220.0,8.464278184841342,0.013149890300601418,2220.0,6.065810056168615,0.18066998662633402,2220.0,10.50550797267996,0.026483941600486213,2220.0,8.808983752305423,0.01932009925081479,2220.0,8.200011566539295,0.10583040807318014,2220.0,11.229731369742305,0.05212578331830847,2220.0,9.225690477085948,0.07948078615034834,2220.0,9.355885361978755,0.022839056701417025,2220.0,9.006393249692461,0.03662483275862625
112,2240.0,10.87715280451875,0.028251689598452007,2240.0,8.457000025066916,0.014634691665667209,,,0.14816514212321355,2240.0,10.099097670515816,0.014663333883466767,2240.0,9.045646822230001,0.03003896617942919,2240.0,7.6898477305583945,0.12749598934184814,2240.0,11.114033685491352,0.04818355080750787,2240.0,8.871472944554943,0.06828713245329496,2240.0,8.955423717662763,0.010992390162547631,2240.0,9.028425025786374,0.036558260993312774
113,2260.0,11.016807139687316,0.04912248033721256,2260.0,8.89221130212756,0.03312477393523665,,,0.1813835439251335,2260.0,9.99969879133288,0.013218039061783348,2260.0,8.500639548892797,0.013367102526514959,2260.0,7.055569460321478,0.13177402181719525,2260.0,10.18063170387345,0.0393540591999851,2260.0,8.502162042254678,0.061968133167718424,2260.0,8.981619362530706,0.019359313116316782,2260.0,8.593337198217167,0.028313762411983932
114,2280.0,10.825213941124884,0.05264817292469992,2280.0,8.87781528428514,0.03194598561647842,,,,2280.0,10.133607047169193,0.02352002375218058,2280.0,8.663249614351425,0.019955586292948475,2280.0,6.9025875009515945,0.13570467202970898,2280.0,9.59337186643491,0.027326112551802416,2280.0,8.388758439835673,0.10472376487561723,2280.0,9.407444196660016,0.0358324488901706,2280.0,9.168318978503208,0.0545031340058243
115,2300.0,10.657482453033811,0.03194562942903035,2300.0,8.390418216599052,0.014199821597936002,,,,2300.0,10.425914341518332,0.0402851563854527,2300.0,8.967144364301475,0.02312564273318057,2300.0,7.223679446695946,0.12201275476702156,2300.0,9.537902172042964,0.022521418424092995,2300.0,7.871427130111835,0.11187940841867919,2300.0,9.264587447221444,0.03108975675188753,2300.0,8.485549773221853,0.04363584156301078
116,2320.0,9.951803875727707,0.026464084232893086,2320.0,8.778907493357856,0.040745230792997654,,,,2320.0,10.506733386876395,0.03949137883119962,2320.0,8.387883934986716,0.011300381047049867,2320.0,5.810505406769678,0.15246468265544086,2320.0,9.932415510008594,0.04305455878475923,2320.0,8.039993447882022,0.12388615114556939,2320.0,9.067225085887195,0.028366724748353202,2320.0,8.817416041193338,0.05947941339744362
117,2340.0,10.273361763042317,0.04067921922780164,2340.0,8.649901307313158,0.040118106541841905,,,,2340.0,10.160865714305142,0.04108514167954354,2340.0,8.33488488969637,0.01261829582393065,2340.0,4.739958202737649,0.16826472080607882,2340.0,10.03053841275335,0.051995172064559766,2340.0,7.610450436903127,0.12681347205515786,2340.0,8.54497560314916,0.014413436176395976,2340.0,8.78195015971047,0.08131665713681925
118,2360.0,9.963884133618706,0.02109116404984651,2360.0,8.054589413365258,0.022002059571835795,,,,2360.0,10.094407385381887,0.040868112503965166,2360.0,8.300822159751329,0.015857041416279628,,,0.15191345972312678,2360.0,9.926615953893709,0.05511968028388351,2360.0,7.579003119521777,0.12644911199465517,2360.0,8.527538006179695,0.013871776680597261,2360.0,8.939131791131347,0.07541635065234084
119,2380.0,9.407105454717167,0.012412625959969906,2380.0,8.438092212614277,0.041381269516208845,,,,2380.0,9.967600012147477,0.04710941119972328,2380.0,8.323635985825103,0.022350588328518328,,,0.1817282014679255,2380.0,9.33880847700171,0.0371690056140308,2380.0,6.620703509463509,0.16093792737535434,2380.0,8.8772743018588,0.034459805807509264,2380.0,8.021804269408381,0.08289925947764337
120,2400.0,9.315005492002442,0.011272817133218038,2400.0,7.826485194033292,0.03005389385826966,,,,2400.0,9.133758215941105,0.02252902991421304,2400.0,8.567004649109206,0.03636473128631302,,,,2400.0,9.075292488396329,0.0352073799881118,2400.0,7.022983260480523,0.17346352631246748,2400.0,8.835823752490624,0.03783662970597626,2400.0,7.572052913411606,0.061046118071028485
121,2420.0,9.238314183831564,0.011923485001327894,2420.0,8.589112572589658,0.07147953958364793,,,,2420.0,9.227093287277942,0.028605097719632145,2420.0,9.09429814684832,0.04143668166489169,,,,2420.0,8.75798058327178,0.028683770692745098,2420.0,4.658065884973456,0.17224672700507573,2420.0,8.629758825609688,0.03140699604950121,2420.0,6.430643750390952,0.04201763411018084
122,2440.0,9.478283655091472,0.024407005103377476,2440.0,8.981902018043282,0.10317268909052316,,,,2440.0,9.66280142317227,0.03746853929353194,2440.0,9.250098042764854,0.04377367058358449,,,,2440.0,9.33642457262905,0.048256166333820225,2440.0,4.46625986816799,0.17668392956897172,2440.0,8.843158688938127,0.026646420139129847,2440.0,6.456612058383397,0.059008887612681686
123,2460.0,9.141176270147737,0.01397333212256903,2460.0,8.643947256891762,0.11799540167047956,,,,2460.0,9.49266090752948,0.0349117860922335,2460.0,8.825879090749085,0.05660567262533088,,,,2460.0,9.024589432928598,0.025878404771702782,,,,2460.0,8.102321526574094,0.015116638841505093,2460.0,6.480029182968785,0.05473098202521592
124,2480.0,9.23794013265568,0.02043641462790212,2480.0,8.067701518996628,0.13682125065912687,,,,2480.0,9.240245437256203,0.03145976488709986,2480.0,9.155223340920148,0.08943624608312997,,,,2480.0,8.30180276095391,0.014317563588308033,,,,2480.0,7.966806619545515,0.014879138204174743,2480.0,7.239939836639148,0.10289650205576212
125,2500.0,9.604818468835242,0.033211298809776184,2500.0,7.361286452539526,0.12685864653191117,,,,2500.0,8.908373528803722,0.030948820112426893,2500.0,8.790247407554165,0.07132559914327426,,,,2500.0,8.202271311178272,0.017063752851451702,,,,2500.0,7.985108575550449,0.018944824389043484,2500.0,7.850793893575877,0.10358765333934793
126,2520.0,9.651800925347136,0.044193877248141396,2520.0,7.6372944582544235,0.11584489452622915,,,,2520.0,9.149369762683989,0.032285088993251485,2520.0,8.461452590027687,0.058700529113256995,,,,2520.0,8.60874745915173,0.03445337200853847,,,,2520.0,8.699240672657275,0.05524918284757463,2520.0,8.194503842322312,0.10550520120104386
127,2540.0,9.029837178517637,0.033658567807065096,2540.0,6.198390116403328,0.09626254478992244,,,,2540.0,8.966671630788076,0.04519093949970872,2540.0,7.982946571420471,0.07836040607170024,,,,2540.0,8.12934033014546,0.02141413949224622,,,,2540.0,9.025730663936708,0.07348240163919324,2540.0,6.740082802230521,0.10195868344295311
128,2560.0,9.16656411135856,0.033284765344085435,2560.0,7.285050751508416,0.16133331735667458,,,,2560.0,9.143203094233504,0.054472154313098535,2560.0,8.212558550552139,0.12173330659377397,,,,2560.0,8.503967119038945,0.043245726792147623,,,,2560.0,8.276523029959076,0.043958823603739816,2560.0,5.779314208562671,0.1527232413461483
129,2580.0,8.98022347435039,0.033711044575276704,2580.0,6.667139198004089,0.17988215817802589,,,,2580.0,8.86336980125369,0.030790283971960326,2580.0,7.788650800671892,0.1295353639927569,,,,2580.0,8.838163762232021,0.051208019382705104,,,,2580.0,7.405753105987235,0.03358370777713432,2580.0,6.622581639487735,0.17877889323675233
130,2600.0,8.854604577204052,0.03665127450528924,2600.0,5.09541101619798,0.17745082726333838,,,,2600.0,7.946616845278816,0.02028945879271887,2600.0,7.024548450337516,0.12487030584758198,,,,2600.0,8.496752934876941,0.03512254532511976,,,,2600.0,8.139458393490868,0.09312976903894638,,,0.15882094213185843
131,2620.0,8.424839340819172,0.020948925957575085,,,0.16769832180981817,,,,2620.0,8.294026755422525,0.03904026582904323,2620.0,7.285984657032849,0.11766839109876277,,,,2620.0,7.50769358973102,0.029296845200466083,,,,2620.0,8.572616145309013,0.13069775131434208,,,0.18194202321901437
132,2640.0,8.716145505466146,0.03746614559819181,,,,,,,2640.0,8.040645899674926,0.04535127950379407,2640.0,7.223574589353524,0.09363329052242304,,,,2640.0,7.988525105075913,0.06760963059099673,,,,2640.0,8.111403242430434,0.14229635973823893,,,
133,2660.0,9.52115136897609,0.05387089935342926,,,,,,,2660.0,8.744839477203307,0.07150708699211139,2660.0,5.868045196229885,0.07989661540986596,,,,2660.0,8.341269244675022,0.08962006340904005,,,,2660.0,7.688383329662163,0.10279973061090324,,,
134,2680.0,8.879814059387687,0.02803276548212614,,,,,,,2680.0,7.770058569983422,0.0644189273437407,2680.0,7.371463774098726,0.07791302951011887,,,,2680.0,8.639434762762223,0.1337421762048724,,,,2680.0,7.181226039745694,0.08292799929311259,,,
135,2700.0,8.100400910839626,0.0254617898619344,,,,,,,2700.0,7.6173680145510705,0.05708579367630082,2700.0,1.8485286485613477,0.029250112150771015,,,,2700.0,8.331672465138627,0.14513789602382243,,,,2700.0,6.3346228335418076,0.12094337985802987,,,
136,2720.0,8.656103587897329,0.04498026528567988,,,,,,,2720.0,7.709884334559294,0.08008126149712838,2720.0,3.173323193003164,0.09740367089166532,,,,2720.0,7.881277666300754,0.14032081783416672,,,,2720.0,6.927524162837964,0.15648864753581104,,,
137,2740.0,8.505928712928045,0.05607075920873655,,,,,,,2740.0,7.592350098261073,0.09024600995947114,2740.0,4.523743790520358,0.1820124728236534,,,,2740.0,7.34107591457482,0.1059279073034531,,,,2740.0,4.952414684480584,0.15988893342106225,,,
138,2760.0,8.23469260459597,0.06137349923416145,,,,,,,2760.0,7.515146554714174,0.09532249699702564,,,0.15094034507411122,,,,2760.0,6.780970028245903,0.09921804750751057,,,,2760.0,4.83834920229977,0.17767622512712267,,,
139,2780.0,8.371731760429222,0.08349496892170692,,,,,,,2780.0,7.580664242954496,0.12862497474785825,,,0.1819726609483135,,,,2780.0,5.908202034059639,0.16639676843071313,,,,,,0.16753307968644862,,,
140,2800.0,7.720195514085093,0.09453280563667683,,,,,,,2800.0,6.513972130713318,0.06607474878270941,,,,,,,2800.0,6.702221876613568,0.17732844146779994,,,,,,,,,
141,2820.0,7.5369655421891,0.1170533502957862,,,,,,,2820.0,7.539404058406552,0.05141775476847251,,,,,,,,,0.15911799705485297,,,,,,,,,
142,2840.0,7.288510583688132,0.13160609996442524,,,,,,,2840.0,4.59852751701518,0.013699336468511963,,,,,,,,,0.1818276679263516,,,,,,,,,
143,2860.0,7.553344223363357,0.12611475569810834,,,,,,,2860.0,5.5906379877104175,0.07096770949550857,,,,,,,,,,,,,,,,,,
144,2880.0,6.3942423594544495,0.13480440441099628,,,,,,,2880.0,6.921780539474494,0.09391866999396976,,,,,,,,,,,,,,,,,,
145,2900.0,7.13161643061632,0.17311814174468,,,,,,,2900.0,5.740006750768566,0.10806201815100928,,,,,,,,,,,,,,,,,,
146,2920.0,4.944348716799946,0.17305022464381192,,,,,,,2920.0,6.505081779406024,0.1776042575415692,,,,,,,,,,,,,,,,,,
147,2940.0,4.961539101528733,0.17771437379638444,,,,,,,,,0.13876095701593433,,,,,,,,,,,,,,,,,,
148,,,,,,,,,,,,0.1807305604383344,,,,,,,,,,,,,,,,,,
